name: TimesFM_clone
channels:
  - conda-forge
  - defaults
dependencies:
  - asttokens=2.4.1=pyhd8ed1ab_0
  - bzip2=1.0.8=h2bbff1b_6
  - ca-certificates=2024.9.24=haa95532_0
  - colorama=0.4.6=pyhd8ed1ab_0
  - comm=0.2.2=pyhd8ed1ab_0
  - cpython=3.10.15=py310hd8ed1ab_2
  - debugpy=1.8.7=py310h9e98ed7_0
  - decorator=5.1.1=pyhd8ed1ab_0
  - exceptiongroup=1.2.2=pyhd8ed1ab_0
  - executing=2.1.0=pyhd8ed1ab_0
  - importlib-metadata=8.5.0=pyha770c72_0
  - ipykernel=6.29.5=pyh4bbf305_0
  - ipython=8.28.0=pyh7428d3b_0
  - jedi=0.19.1=pyhd8ed1ab_0
  - jupyter_client=8.6.3=pyhd8ed1ab_0
  - jupyter_core=5.7.2=pyh5737063_1
  - krb5=1.21.3=hdf4eb48_0
  - libffi=3.4.4=hd77b12b_1
  - libsodium=1.0.20=hc70643c_0
  - matplotlib-inline=0.1.7=pyhd8ed1ab_0
  - nest-asyncio=1.6.0=pyhd8ed1ab_0
  - openssl=3.3.2=h2466b09_0
  - packaging=24.1=pyhd8ed1ab_0
  - parso=0.8.4=pyhd8ed1ab_0
  - pickleshare=0.7.5=py_1003
  - pip=24.2=py310haa95532_0
  - platformdirs=4.3.6=pyhd8ed1ab_0
  - prompt-toolkit=3.0.48=pyha770c72_0
  - pure_eval=0.2.3=pyhd8ed1ab_0
  - pygments=2.18.0=pyhd8ed1ab_0
  - python=3.10.15=h4607a30_1
  - python_abi=3.10=2_cp310
  - pywin32=307=py310h9e98ed7_3
  - pyzmq=26.2.0=py310h656833d_3
  - setuptools=75.1.0=py310haa95532_0
  - six=1.16.0=pyh6c4a22f_0
  - sqlite=3.45.3=h2bbff1b_0
  - stack_data=0.6.2=pyhd8ed1ab_0
  - tk=8.6.14=h0416ee5_0
  - tornado=6.4.1=py310ha8f682b_1
  - traitlets=5.14.3=pyhd8ed1ab_0
  - typing_extensions=4.12.2=pyha770c72_0
  - ucrt=10.0.22621.0=h57928b3_1
  - vc=14.40=h2eaa2aa_1
  - vc14_runtime=14.40.33810=hcc2c482_22
  - vs2015_runtime=14.40.33810=h3bf8584_22
  - wcwidth=0.2.13=pyhd8ed1ab_0
  - wheel=0.44.0=py310haa95532_0
  - xz=5.4.6=h8cc25b3_1
  - zeromq=4.3.5=ha9f60a1_6
  - zipp=3.20.2=pyhd8ed1ab_0
  - zlib=1.2.13=h8cc25b3_1
  - pip:
      - absl-py==2.1.0
      - astunparse==1.6.3
      - certifi==2024.8.30
      - charset-normalizer==3.4.0
      - click==8.1.7
      - contourpy==1.3.0
      - cycler==0.12.1
      - docker-pycreds==0.4.0
      - einshape==1.0
      - filelock==3.16.1
      - flatbuffers==24.12.23
      - fonttools==4.54.1
      - fsspec==2024.9.0
      - gast==0.6.0
      - gitdb==4.0.11
      - gitpython==3.1.43
      - google-pasta==0.2.0
      - grpcio==1.69.0
      - h5py==3.12.1
      - huggingface-hub==0.26.0
      - idna==3.10
      - inquirerpy==0.3.4
      - jax==0.4.34
      - jaxlib==0.4.34
      - jinja2==3.1.4
      - joblib==1.4.2
      - keras==3.8.0
      - kiwisolver==1.4.7
      - libclang==18.1.1
      - markdown==3.7
      - markdown-it-py==3.0.0
      - markupsafe==3.0.2
      - matplotlib==3.9.2
      - mdurl==0.1.2
      - ml-dtypes==0.4.1
      - mpmath==1.3.0
      - namex==0.0.8
      - networkx==3.4.1
      - numpy==2.0.2
      - opt-einsum==3.4.0
      - optree==0.13.1
      - pandas==2.2.3
      - pfzy==0.3.4
      - pillow==11.0.0
      - protobuf==5.28.2
      - psutil==6.1.0
      - pyparsing==3.2.0
      - python-dateutil==2.9.0.post0
      - pytz==2024.2
      - pyyaml==6.0.2
      - requests==2.32.3
      - rich==13.9.2
      - scikit-learn==1.5.2
      - scipy==1.14.1
      - sentry-sdk==2.17.0
      - setproctitle==1.3.3
      - shellingham==1.5.4
      - smmap==5.0.1
      - stack-data==0.6.3
      - sympy==1.13.1
      - tensorboard==2.18.0
      - tensorboard-data-server==0.7.2
      - tensorflow==2.18.0
      - tensorflow-intel==2.18.0
      - tensorflow-io-gcs-filesystem==0.31.0
      - termcolor==2.5.0
      - threadpoolctl==3.5.0
      - timesfm==1.2.1
      - torch==2.5.0
      - torchaudio==2.5.0
      - torchvision==0.20.0
      - tqdm==4.66.5
      - typer==0.12.5
      - tzdata==2024.2
      - urllib3==2.2.3
      - utilsforecast==0.2.5
      - wandb==0.18.5
      - werkzeug==3.1.3
      - wrapt==1.17.0
prefix: C:\Users\sidha\.conda\envs\TimesFM_clone
